4294967278,225
4294967278,132
4294967278,131
4294967278,130
4294967278,129
4294967278,128
4294967278,127
4294967278,126
4294967278,125
4294967278,124
4294967278,123
4294967278,122
4294967278,121
4294967278,120
4294967278,119
4294967278,118
4294967278,117
4294967278,116
4294967278,115
4294967278,114
4294967278,113
4294967278,112
4294967278,111
4294967278,110
4294967278,109
4294967278,108
4294967278,107
4294967278,103
4294967278,102
4294967278,100
4294967278,97
4294967278,95
4294967278,93
4294967278,91
4294967278,85
4294967278,83
4294967278,80
4294967278,79
4294967278,78
4294967278,75
4294967278,73
4294967278,71
4294967278,69
4294967278,64
4294967278,62
4294967278,60
4294967278,59
4294967278,58
4294967278,57
4294967278,56
4294967278,55
4294967278,53
4294967278,52
4294967278,51
4294967278,50
4294967278,49
4294967278,48
4294967278,47
4294967278,45
4294967278,44
4294967278,43
4294967278,42
4294967278,41
4294967278,40
4294967278,39
4294967278,37
4294967279,24
4294967279,20
4294967279,18
4294967279,16
4294967279,14
4294967279,12
4294967279,10
4294967279,9
4294967279,285
4294967279,8
4294967279,7
4294967279,261
4294967279,6
4294967279,5
4294967279,281
4294967279,4
4294967278,106
4294967278,223
4294967278,105
4294967278,221
4294967278,104
4294967278,219
4294967278,216
4294967294,1241
4294967279,392
4294967278,315
4294967278,101
4294967279,391
4294967278,314
4294967278,99
4294967279,390
4294967278,313
4294967278,98
4294967279,389
4294967278,209
4294967278,208
4294967278,312
4294967278,96
4294967279,388
4294967278,207
4294967278,311
4294967278,94
4294967279,387
13,9
13,8
13,7
13,6
13,5
4294967279,386
4294967278,310
4294967278,92
4294967278,202
13,4
4294967278,203
13,3
13,2
13,1
4294967278,309
4294967278,90
4294967278,308
4294967278,89
4294967279,385
4294967278,307
4294967278,87
4294967279,384
4294967278,306
4294967278,86
4294967278,198
4294967279,319
4294967278,197
4294967278,305
4294967278,84
4294967278,196
4294967279,318
4294967278,304
4294967278,82
4294967278,303
4294967278,81
4294967279,317
4294967278,193
12,4
12,3
12,2
12,1
4294967279,316
4294967278,192
4294967279,315
4294967278,302
4294967278,77
4294967279,314
4294967278,301
4294967278,76
4294967279,313
4294967278,188
4294967278,187
4294967278,300
4294967278,74
4294967279,312
4294967294,89
4294967278,186
4294967278,299
4294967278,72
4294967279,311
4294967279,310
4294967278,298
4294967278,70
4294967278,181
11,4
4294967278,182
11,3
11,2
11,1
4294967278,297
4294967278,68
4294967278,296
4294967278,67
4294967294,81
4294967294,50
4294967294,46
4294967279,309
4294967278,295
4294967278,66
4294967279,308
4294967278,294
4294967278,65
4294967278,177
4294967279,307
4294967294,7
4294967278,176
4294967278,293
4294967278,63
4294967278,175
4294967279,306
4294967278,292
4294967278,61
4294967278,172
4294967278,171
10,4
10,3
10,2
10,1
4294967279,305
4294967278,170
4294967279,304
4294967278,168
4294967279,303
4294967278,291
4294967278,54
4294967279,302
4294967278,165
4294967278,164
4294967278,163
4294967279,301
4294967278,162
4294967279,300
4294967294,1078
4294967294,1242
4294967278,160
4294967279,299
4294967278,290
4294967278,46
4294967279,298
4294967278,157
4294967278,156
4294967278,155
4294967279,297
4294967278,154
4294967279,296
4294967278,152
4294967294,1072
4294967294,469
4294967279,295
4294967278,289
4294967278,38
4294967279,294
4294967294,96
4294967294,94
4294967279,293
0,7
4294967294,93
4294967294,95
4294967294,17
4294967279,292
0,5
4294967294,67
4294967294,1422
4294967294,2
4294967294,0
4294967294,1
4294967294,1216
4294967294,91
4294967294,88
4294967294,85
4294967294,25
4294967294,29
4294967294,28
4294967294,1087
4294967294,27
4294967294,26
4294967294,53
4294967294,417
4294967294,439
4294967294,44
4294967294,43
4294967294,1163
4294967279,291
4294967278,288
4294967278,0
4294967279,290
4294967294,6
4294967294,8
4294967279,283
4294967294,1421
4294967294,187
4294967278,287
4294967279,282
4294967294,472
4294967294,1420
4294967294,1419
4294967278,286
4294967279,275
4294967278,285
4294967293,131
4294967293,130
4294967293,129
4294967293,128
4294967293,127
4294967293,126
4294967293,125
4294967293,124
4294967293,123
4294967293,122
4294967293,121
4294967293,120
4294967293,119
4294967293,118
4294967293,117
4294967293,116
4294967293,115
4294967293,114
4294967293,113
4294967293,112
4294967293,111
4294967293,110
4294967293,109
4294967293,108
4294967293,107
4294967293,106
4294967293,105
4294967293,104
4294967293,103
4294967293,102
